1 10
100 200
201 210
900 1000
2 20
3 30
4 40
5 50
6 60
7 70
8 80
9 90
10 100
11 110
12 120
13 130
14 140
15 150
16 160
17 170
18 180
19 190
20 200
47 54835
354 684984
654 698498
54 6843
885 6542
65 6584
92 6218
20 1518
1516 185163
15 65188
3215 6518
635 348163
658 698416
84 84984
10 101010
111 111111
777 777777
5668 98413
3654 354841
3215 63462
32 68445
35 354811
65 6854
53 32551
68 984
85 699
84 696
321 6854
685 89845
6 8659
8649 86459
84 86594
32 68
8 8694
98 889
69 445
65 849
35 355
65 6984
694 695
5 5
84798 987653
99999 5
211 548116
6854 649812
654 57875
894 698496
84 843215
382157 864591
34846 65816
63038 519072
6841 516581
635 654813
358 685489
84 846981
68 6984
6534 65432
23 8541
561 65668
684 65481
321 68548
635 4512
45 48
354 65481
35 65165
65 6548
3565 65894
684 68481
65 6548
68 6841
5469 68488
684 69842
688 698445
6974 699478
6984 84152
945 8546
545 54654
98547 999987
8542 85485
8547 54545
54 5425